100000000
100111001
011000100
100101000
011010000
100101001
101111110
100111111
010100001
011001101
001010110
001010110
100000001
000001001
010100010
101000111
001110110
001110110
011001110
100001111
010100011
100000100
011100010
110010111
100010000
010110011
101011000
011000011
100110000
011010000
010100001
001110101
001110101
101001011
011001101
100101010
010100010
101000011
011001110
100001110
010101000
100000110
011101001
110010111
100010010
010111000
101101011
011001100
101000100
011010000
000100100
100000001
100101110
011011010
101011111
011001110
100110110
011011010
101101111
011001110
011100100
110011000
011100001
110011001
100000110
011101001
111011010
101101011
011011111
001110111
001111110
000011101
011111101
101101001
011000111
100111011
011011111
011111001
000000111
100111001
011000111
101101011
011011111
100000001
000110100
011100100
111011011
101101000
011000011
101101100
011000010
100111000
011010011
011111010
000101011
011000011
011100100
111011100
101000101
101001011
011011111
011000111
100000001
101011011
101011110
011011010
011011111
001110111
001111110
000011101
011111101
101011001
011000111
100111011
011011111
011111001
000000111
100111001
011000111
101011011
011011111
100000001
000010100
011100100
111011101
101011000
011000011
101011100
011000010
100111000
011010011
011111010
000101011
011000011
100111100
101000001
011010000
011010101
011100100
111011110
101011000
101011101
101101010
101101111
011010000
011010101
011011010
011011111
000001101
000011100
000001000
011111011
100000110
011101110
111011111
010100110
100111011
011011111
000001011
100000010
011101011
111100000
100000111
011101011
111100001
000010101
000011100
011111101
101000111
011011111
100100010
100100001
010100010
011100110
111100010
011111001
001110100
001111101
011111101
000010111
011111001
101010110
011001001
001010111
001010111
100001110
010101000
010111100
100111101
011010101
010110100
101010001
011000100
011100000
101001100
101010001
101010110
011000100
011001000
011100001
