000000000
101011000
011010000
100000110
100011111
001001110
010100010
101100101
011000110
101111101
100001010
001001001
010100001
001101001
000010110
010101000
100000010
011101001
111000101
011101011
111000101
100010010
000001000
101111010
011101001
110000110
101001100
101110001
101100110
011011010
010111001
101101110
101101011
011001100
011001001
011110001
101100110
011100110
110000111
011101001
110001000
101100110
011011010
010111000
101101101
011000100
101011100
101101001
011010000
011000100
011110000
000101001
101011110
011011010
100000011
001010110
001011100
000110101
011101101
111001001
101100101
011010101
010110100
101101101
011000100
101101001
011000110
011110000
001010111
011101101
110001010
000100110
101011101
011010101
100000011
001110100
001111101
000011111
011111111
101101111
011001100
100111000
011010000
011111011
000001100
100111011
011001100
101101100
011010000
100000011
000110110
011101110
111001011
100111011
011011111
011111010
000101011
011111111
100000111
011101011
111001100
010100111
100000110
011101011
111001101
011111011
011101011
111001110
100000111
011101111
111001111
000010101
000011100
101100110
011011010
010111000
101101110
101101011
011001000
011001101
011110000
101100100
011010000
101101101
011000100
011110001
